1 0.233707793333 0.278825262658 0.165326037217 0.386214579806
1 0.475507444444 0.368530158228 0.119245281018 0.263553397434
1 0.251653173333 0.838910968354 0.214481375262 0.416207943792
1 0.618678806667 0.437508382911 0.130559579643 0.306735082376
1 0.724268722222 0.195476955696 0.103848400686 0.258039269042
1 0.660738435556 0.151857379747 0.08867649237 0.191452521676
1 0.0278042333333 0.126517696203 0.0475113543356 0.0988528518001
1 0.0971882088889 0.0924954778481 0.0460297574088 0.0931072432467
1 0.126869657778 0.127457094937 0.0436304763968 0.0826003846542
1 0.1423007 0.241770974684 0.0653345707749 0.136591653575
1 0.341923157778 0.219377734177 0.0570824114741 0.12388192096
1 0.0812709488889 0.425408053797 0.147536672453 0.318758887116
1 0.560326937778 0.149260477848 0.0542253237795 0.0948456826857
1 0.559979613333 0.215226164557 0.051002684337 0.0917402056057
1 0.91752364 0.161437291139 0.0678624254798 0.148358930094
