1 0.405770415648 0.219642222222 0.162717331958 0.217813565621
1 0.0717994767726 0.613043111111 0.0573512102299 0.0743714226762
1 0.795530418093 0.516998444444 0.0619529376381 0.0839279490629
1 0.584543276284 0.499245333333 0.0621871657708 0.0786360375523
1 0.623621760391 0.365869333333 0.0643242579447 0.0827802535995
1 0.0464547677262 0.295099333333 0.0563348380762 0.0650343811155
1 0.159070904645 0.140928 0.0541793964433 0.0659879355725
1 0.0971537897311 0.333394444444 0.0632534234755 0.077156696457
1 0.708834718826 0.211391111111 0.0495834473069 0.0721845760137
1 0.019897400978 0.153019777778 0.0534422827696 0.0621098169129
1 0.143278728606 0.422460444444 0.0538668361598 0.069018619887
