1 0.510835282958 0.185278833333 0.308949687676 0.274277891806
1 0.298983279743 0.643884 0.0685539354388 0.0659360131498
1 0.402829903537 0.622766888889 0.0616407639643 0.0674864533059
1 0.506803215434 0.611994888889 0.0562267211313 0.0635783577554
1 0.606198713826 0.619646888889 0.0661527566374 0.0681088175532
1 0.385263344051 0.736770444444 0.0607527478122 0.0600149776299
1 0.478845659164 0.729074444444 0.061491318328 0.070784
1 0.562036977492 0.731811333333 0.0646483980813 0.0733760100724
1 0.641822508039 0.751089111111 0.0679905940163 0.06630886708
1 0.69643877492 0.797767777778 0.0721615398645 0.0664089629103
1 0.699654340836 0.641147111111 0.059445968966 0.0517975762438
