1 0.0971469333333 0.142223971279 0.113004025808 0.210324035482
1 0.0999447577778 0.473248660574 0.111184766896 0.187828093424
1 0.0964960711111 0.813047305483 0.104365680436 0.207912851478
1 0.296201206667 0.14040073107 0.113127644061 0.193869344263
1 0.299280473333 0.484697519582 0.12394709993 0.225413143562
1 0.296287897778 0.804983725849 0.116070580984 0.192137907225
1 0.500229062222 0.145466300261 0.116174732014 0.200810259467
1 0.501549595556 0.469753809399 0.118065094405 0.20816730168
1 0.501378217778 0.811482046997 0.113622489075 0.202963148161
1 0.69974678 0.15713416188 0.105183339418 0.21079492999
1 0.704846091111 0.469167754569 0.116689392928 0.20601608493
1 0.700744924444 0.814231934726 0.110026694503 0.211800179442
1 0.903791146667 0.151107430809 0.117003646377 0.208077961237
1 0.910402006667 0.482181062663 0.111746379832 0.205860252018
1 0.900006255556 0.823382203655 0.13778892095 0.263002768993
