1 0.0261590022222 0.13925579322 0.0692825149369 0.155295023383
1 0.0847916666667 0.118283898305 0.0574497084102 0.126631116887
1 0.150898288889 0.319270694915 0.0837150356843 0.193205060698
1 0.0547955111111 0.549240874576 0.0884261686627 0.213191814176
1 0.194066315556 0.528653827119 0.0898741591448 0.205612473325
1 0.277858615556 0.761652383051 0.161319071436 0.37630268663
1 0.173492062222 0.156352745763 0.0723978704469 0.145016724225
1 0.260185842222 0.140080823729 0.0624149021856 0.132397814571
1 0.231649831111 0.357445016949 0.0849869354368 0.210959863824
1 0.336649304444 0.351456566102 0.0863828628473 0.183876452874
1 0.426228955556 0.423203786441 0.0750285627304 0.183396593151
1 0.50997666 0.406618681356 0.0860135827784 0.228045750851
1 0.367351235556 0.189268213559 0.0629168857984 0.143663757994
1 0.313202613333 0.0874177457627 0.0529579960544 0.103636449274
1 0.206190475556 0.0162573491525 0.0428772650534 0.0824284404927
1 0.401975306667 0.175517888136 0.0642714970068 0.130333337666
1 0.385833333333 0.078813559322 0.0466800849829 0.100111063509
1 0.541452991111 0.159582789831 0.0582224912201 0.118334990389
1 0.58156156 0.249106732203 0.0730635231714 0.14352062884
1 0.701020671111 0.418831294915 0.062709861394 0.143519633014
1 0.545256408889 0.0537157728814 0.043080172873 0.105060521055
1 0.695609317778 0.0939037694915 0.0559930342733 0.123451723143
1 0.810442053333 0.167997081356 0.0596101160586 0.12197693405
1 0.891313131111 0.365309264407 0.0838245077646 0.197968510261
1 0.965250304444 0.250027935593 0.0843850034617 0.20370907086
1 0.887373735556 0.174268105085 0.0550258405108 0.130980158575
1 0.768790848889 0.0476071762712 0.039871916745 0.0785837717113
