1 0.495679022989 0.2204236 0.186830896899 0.216553008935
1 0.0320553994253 0.441451575556 0.121963460714 0.125651010302
1 0.161634916667 0.477963073333 0.101022603779 0.123264029094
1 0.174511594828 0.28394076 0.113154966621 0.117296374115
1 0.393901149425 0.10309994 0.104485871026 0.122931729749
1 0.441094304598 0.00824542222222 0.111506834732 0.127614194919
1 0.788691091954 0.0101655555556 0.103810545009 0.121440160176
1 0.692221350575 0.22815644 0.095519325654 0.117588923033
1 0.835894554598 0.220969202222 0.111019522882 0.121796958428
1 0.956066514368 0.121323197778 0.0963463412187 0.119890296978
