1 0.0686459777778 0.321074569014 0.187532050821 0.26306035057
1 0.312020866667 0.297340253521 0.169822015069 0.3447774269
1 0.194390853333 0.0467913577465 0.081122212542 0.147799488605
1 0.264949326667 0.0455796112676 0.101957373841 0.151755746661
1 0.381205715556 0.098538028169 0.110901281852 0.194188901395
1 0.550662175556 0.0486457183099 0.124526341812 0.248700460999
1 0.727626333333 0.163636242254 0.125864034474 0.22441710788
1 0.604321377778 0.387182535211 0.20865158876 0.396622917811
1 0.851254666667 0.101093239437 0.176900608714 0.319488783626
1 0.121713111111 0.276505070423 0.130342758136 0.240147272596
