1 0.375741648107 0.289152519894 0.168661378759 0.33267123782
1 0.16206169265 0.449599596817 0.0624604419604 0.101811740069
1 0.958425389755 0.586983819629 0.0673599516655 0.115770036775
1 0.720207572383 0.564569230769 0.0593634130817 0.109630247311
1 0.665743875278 0.521670026525 0.0639747953999 0.104893683936
1 0.65711247216 0.452556763926 0.0546179188708 0.0855591499021
1 0.88181403118 0.485438461538 0.0602267649335 0.0890344011025
1 0.756469710468 0.504334604775 0.0575618519723 0.0960468762071
1 0.50035857461 0.347120421751 0.0273305216155 0.0434307323439
1 0.561256124722 0.392989655172 0.0499138936356 0.0719718857872
1 0.0749438752784 0.642536074271 0.0772197782208 0.12474391522
1 0.951968819599 0.460054376658 0.0536564624413 0.0856913514194
1 0.615389977728 0.451680106101 0.046492764974 0.0705631828655
1 0.652918485523 0.390852785146 0.030722643195 0.0445315140242
1 0.809869933185 0.462323872679 0.0564442169763 0.0847045577161
1 0.913184187082 0.529683023873 0.0559918834844 0.0851961998933
1 0.832962138085 0.518567639257 0.0658163912575 0.09256053841
1 0.982348552339 0.506421220159 0.0539319783868 0.0941621570303
1 0.895101336303 0.423353228117 0.0443356108891 0.062874277192
1 0.908831848552 0.379310344828 0.0349577237322 0.0514433275321
1 0.727162583519 0.398076039788 0.0266762946821 0.0395016736603
1 0.910612694878 0.59321193634 0.0560740523024 0.0915580381853
