1 0.482733068966 0.295942895556 0.324028409515 0.3773530845
1 0.174151123563 0.463390022222 0.0616864026344 0.0592108883009
1 0.252206635057 0.459808977778 0.0588858636358 0.0602500757249
1 0.32600575 0.46315432 0.0585197477485 0.0561254383298
1 0.630626554598 0.472331002222 0.0499754897099 0.0533859688264
1 0.704678367816 0.464282 0.0498652173256 0.0523605236971
1 0.754044551724 0.461709857778 0.0505806594351 0.0523439320488
1 0.843218393678 0.463138888889 0.0586743209402 0.0575193254583
1 0.914645103448 0.468080262222 0.0553567019919 0.0604354571939
1 0.963063735632 0.467847913333 0.0511969786496 0.0509615607109
