1 0.73392726 0.52826 0.231302298217 0.459231296988
1 0.597317435556 0.241936002611 0.19734163035 0.404765561787
1 0.0769645977778 0.205940976501 0.0786168555336 0.122383157058
1 0.0486531977778 0.317365629243 0.0882296915015 0.134969381125
1 0.384692971111 0.372575563969 0.112085692914 0.19736536413
1 0.360124715556 0.204934190601 0.0560084952548 0.0827741841086
1 0.306365184444 0.232158874674 0.0453850409382 0.0596978979217
1 0.952926371111 0.219245650131 0.0273000047394 0.0542010308107
1 0.142258937778 0.371574775457 0.130573068867 0.221359538067
1 0.463955555556 0.311753699739 0.0894972515616 0.137756152804
