1 0.366142021605 0.404355312195 0.185180311231 0.213129917982
1 0.186836058642 0.0806737243902 0.0825852247774 0.0900848373067
1 0.353737996914 0.0845711560976 0.0770220468477 0.0785757818655
1 0.141975308642 0.218292682927 0.0925925925926 0.090877604878
1 0.167760012346 0.272779226829 0.0892126677457 0.0949469471363
1 0.33911358642 0.185676092683 0.0826598976416 0.0951793775601
1 0.13830062963 0.45550367561 0.0845560844921 0.0895638820136
1 0.193194882716 0.383418090244 0.0962862008039 0.105188328328
1 0.497939833333 0.430584639024 0.0872262424293 0.0901399829647
1 0.0273121697531 0.140780487805 0.0797942192458 0.0844091073929
