1 0.0987081145585 0.689832444444 0.206012294141 0.259195788417
1 0.618136990453 0.45399528 0.241978320932 0.314430699271
1 0.0248704057279 0.441845333333 0.188135204435 0.252177517292
1 0.0363477326969 0.0919675555556 0.120672095846 0.139591218946
1 0.38645202864 0.185657555556 0.150927418323 0.170711922233
1 0.468630183771 0.086986 0.148636874468 0.208024779914
1 0.825883054893 0.153197555556 0.175958226881 0.226804651534
1 0.90508353222 0.290101111111 0.184651027484 0.208852011119
1 0.763076849642 0.426779111111 0.182927462328 0.249415545364
1 0.869098090692 0.648196666667 0.176326679414 0.258208118235
