1 0.0832748427673 0.212074666667 0.19086326217 0.211530959954
1 0.257725471698 0.468759333333 0.202125364229 0.21160567904
1 0.550314465409 0.452923777778 0.227168463988 0.239949757873
1 0.750204402516 0.608524888889 0.185040906507 0.186871221703
1 0.86623836478 0.384832888889 0.184170259896 0.201658475151
1 0.760310062893 0.335001333333 0.177227300462 0.198630867684
1 0.386274213836 0.229234222222 0.150438983186 0.156250195954
1 0.254270440252 0.183418444444 0.146369376368 0.14085577075
1 0.554726415094 0.215092 0.153205658051 0.153383278119
1 0.135148742138 0.0402844444444 0.0872920153457 0.0930394197781
1 0.80052327044 0.0544226666667 0.0954634424822 0.093515312357
1 0.0183779874214 0.492508444444 0.154317691825 0.202604737082
1 0.439356918239 0.150003555556 0.117945165475 0.11694126562
