1 0.22834766147 0.483569551282 0.161001312065 0.320125713261
1 0.362401781737 0.454487820513 0.0540916470444 0.0992505696497
1 0.515987908686 0.41343525641 0.0341769977629 0.0844569912577
1 0.0233739420935 0.390158974359 0.0244295673777 0.0479444974966
1 0.0743483296214 0.480769230769 0.0323012840892 0.0568957493253
1 0.0949126948775 0.485034615385 0.0366388853468 0.0553877622071
1 0.437533407572 0.474831730769 0.0336500107467 0.067503808838
1 0.39123986637 0.421619230769 0.0457779277644 0.0733512188262
1 0.452835857461 0.426890064103 0.0280058264834 0.0479210811236
1 0.65241714922 0.438514423077 0.0327459304937 0.0703531601299
1 0.779196826281 0.40748525641 0.0558085578253 0.118458246166
1 0.843116703786 0.339663461538 0.0846606440002 0.181394265504
