1 0.0687546488889 0.151299470199 0.103627427133 0.248021342254
1 0.356680017778 0.116611698675 0.0965799072331 0.213989035175
1 0.51307092 0.188361099338 0.107641712632 0.240020230048
1 0.661246391111 0.130976036424 0.0989749335322 0.217225703027
1 0.816633135556 0.127779768212 0.0979065863853 0.217093730806
1 0.616362175556 0.516143403974 0.16738465871 0.365900590497
1 0.794857946667 0.536242145695 0.174110430976 0.388034445992
1 0.853215193333 0.781763741722 0.208087151378 0.399694345905
1 0.234877748889 0.336506 0.155088707677 0.331885286447
1 1.0 0.491739529801 0.113324672867 0.261889328144
