1 0.343475811111 0.192366496 0.17189744 0.282207909333
1 0.817970991111 0.276530093333 0.1727042 0.307361354667
1 0.0256944444444 0.170666666667 0.0424637877856 0.0787124826314
1 0.0651333333333 0.04496 0.0381997777778 0.06220448
1 0.125130604444 0.162975437333 0.0286756194054 0.0558465899408
1 0.151534391111 0.176126984 0.0293410487314 0.0549809441563
1 0.103461988889 0.337656141333 0.0434061130653 0.0779957659877
1 0.0482187866667 0.514164949333 0.0494620255791 0.0804745997349
1 0.0255906422222 0.419284210667 0.0546951475766 0.120601263406
1 0.595333331111 0.356114285333 0.0408791764752 0.0707632234053
1 0.69351518 0.498159962667 0.0619158123359 0.103805887477
1 0.6675 0.053 0.04121401786 0.0682522692472
1 0.743609426667 0.373268688 0.0414047144612 0.0593936811013
1 0.971163397778 0.232031373333 0.0485194297244 0.0750047674903
1 0.515555555556 0.074105264 0.0398877442747 0.0634010265216
