1 0.0947002044444 0.430920530792 0.196857508341 0.380391337872
1 0.237707228889 0.194180803519 0.0984989869775 0.181454342499
1 0.3861269 0.23163113783 0.113121353305 0.22749670435
1 0.72893322 0.502305105572 0.256210071839 0.482909001322
1 0.554224868889 0.213115228739 0.0716476464251 0.135743159438
1 0.664094353333 0.219031439883 0.0750834732587 0.130334730361
1 0.642583977778 0.110713284457 0.0608243400541 0.102208666716
1 0.714931773333 0.107136730205 0.0478296217667 0.0895457361209
1 0.759794377778 0.108738404692 0.0739750127427 0.125484653085
1 0.902715315556 0.324124360704 0.167893167481 0.278650882659
1 0.835306266667 0.0620206392962 0.0499106718845 0.0864445136833
1 0.896287075556 0.117123583578 0.0581396399507 0.100346422281
1 0.766042446667 0.0442271554252 0.0457617853191 0.0771858977156
