1 0.512546142539 0.492256538462 0.165315529424 0.358107069674
1 0.808407258352 0.608409926282 0.187922026199 0.425615950378
1 0.705374732739 0.363069467949 0.162687594306 0.360982678874
1 0.186294783964 0.246655910256 0.13465999126 0.320205588429
1 0.401414663697 0.0817837532051 0.11687964543 0.24612809629
1 0.808702821826 0.142499916667 0.156624684048 0.340060413642
1 0.153832652561 0.658466410256 0.183868113892 0.426701886087
1 0.940888144766 0.129063144231 0.104140947753 0.21124058548
1 0.0893415902004 0.0494788557692 0.0786175679361 0.150287696477
1 0.587089690423 0.0957474679487 0.108819166556 0.20911336938
